Time: 0.008857 ms | File: datasets/random_dataset.txt
25828 56588 58211 59711 158470 303564 408980 472762 479482 499894 

Time: 0.007213 ms | File: datasets/partially_sorted_dataset.txt
104855 195377 222437 247873 315741 361437 369716 436259 560736 584673 

Time: 0.002595 ms | File: datasets/semisorted_dataset.txt
17219 178036 306065 312487 363034 401348 481660 490841 533857 597752 

Time: 0.002204 ms | File: datasets/unique_random_dataset.txt
11623 28843 277064 282891 391234 426855 453119 562278 589886 592133 

Time: 0.002425 ms | File: datasets/sorted_random_dataset.txt
15659 190690 222045 243081 282878 354152 364757 464714 532775 545652 

